h1=0.1548;
h2=-0.5792;
